tensor([[[[[[ 8.1196e-02,  1.6313e-01,  1.4840e-01,  ...,  1.2907e-01,
              1.0413e-01,  2.4070e-03],
            [ 7.9246e-02,  6.5071e-02,  1.2804e-01,  ...,  1.2389e-01,
              8.0648e-02,  1.3370e-02],
            [ 1.2458e-01,  1.0935e-01,  2.0426e-01,  ...,  2.2658e-01,
              1.6906e-01,  9.9823e-02],
            ...,
            [ 1.3025e-01,  1.0905e-01,  2.0241e-01,  ...,  2.1864e-01,
              1.7372e-01,  1.2955e-01],
            [ 6.6981e-02,  1.8869e-02,  1.0135e-01,  ...,  1.3393e-01,
              9.5115e-02,  1.0155e-01],
            [-2.3651e-02, -9.6197e-02, -1.8256e-02,  ...,  1.7849e-02,
             -9.2821e-03,  1.9094e-02]],

           [[ 1.2557e-01,  2.8771e-01,  2.4212e-01,  ...,  1.7352e-01,
              7.8209e-02,  2.1076e-02],
            [ 1.3084e-01,  1.9375e-01,  2.4589e-01,  ...,  2.2025e-01,
              1.3149e-01,  5.1950e-02],
            [ 1.2318e-01,  2.0672e-01,  2.8482e-01,  ...,  2.8554e-01,
              2.1096e-01,  1.6496e-01],
            ...,
            [ 9.6237e-02,  1.6788e-01,  2.4339e-01,  ...,  2.4527e-01,
              2.0816e-01,  1.6874e-01],
            [ 2.7323e-02,  3.7040e-02,  1.3159e-01,  ...,  1.6638e-01,
              1.3136e-01,  1.3149e-01],
            [-8.9809e-02, -1.0331e-01, -1.7432e-02,  ...,  4.6630e-02,
              1.5976e-02,  9.8816e-02]],

           [[ 1.9947e-01,  3.6229e-01,  2.9506e-01,  ...,  2.1575e-01,
              1.2129e-01,  7.5956e-03],
            [ 1.7574e-01,  2.3361e-01,  2.6089e-01,  ...,  2.6579e-01,
              1.7723e-01,  7.0277e-02],
            [ 1.5624e-01,  2.2088e-01,  2.9315e-01,  ...,  3.5349e-01,
              2.4286e-01,  1.9581e-01],
            ...,
            [ 1.2624e-01,  1.8617e-01,  2.5080e-01,  ...,  2.6749e-01,
              2.1200e-01,  1.7161e-01],
            [ 5.7502e-02,  8.6580e-02,  1.2578e-01,  ...,  1.4783e-01,
              1.2830e-01,  1.2258e-01],
            [-8.0901e-02, -1.0519e-01, -2.3047e-02,  ...,  3.6285e-02,
              7.2460e-03,  9.6133e-02]],

           ...,

           [[ 2.3687e-01,  4.2984e-01,  3.6983e-01,  ...,  2.5382e-01,
              1.6484e-01,  2.2663e-02],
            [ 2.0666e-01,  2.9476e-01,  3.5341e-01,  ...,  3.1095e-01,
              1.9100e-01,  8.3105e-02],
            [ 1.9186e-01,  2.9980e-01,  4.3881e-01,  ...,  4.0617e-01,
              2.7074e-01,  1.8448e-01],
            ...,
            [ 8.4930e-02,  1.4995e-01,  2.2187e-01,  ...,  2.4772e-01,
              1.6944e-01,  1.2144e-01],
            [ 2.6423e-02,  3.6235e-02,  7.2164e-02,  ...,  1.1661e-01,
              6.6429e-02,  6.3597e-02],
            [-1.2092e-01, -1.7572e-01, -1.0675e-01,  ..., -3.4437e-02,
             -7.9441e-02,  3.1547e-02]],

           [[ 1.2463e-01,  2.9871e-01,  2.6826e-01,  ...,  1.8597e-01,
              9.3361e-02,  2.3625e-02],
            [ 6.5637e-02,  1.2401e-01,  1.9341e-01,  ...,  1.4553e-01,
              6.8145e-02,  1.7796e-02],
            [ 5.3392e-02,  1.5402e-01,  2.6025e-01,  ...,  2.2264e-01,
              1.2172e-01,  9.4371e-02],
            ...,
            [ 3.3325e-04,  7.7125e-02,  1.2855e-01,  ...,  1.3255e-01,
              8.4432e-02,  5.0234e-02],
            [-5.1132e-02, -4.8897e-02, -3.1186e-03,  ...,  2.7461e-02,
             -2.7714e-02,  1.4814e-03],
            [-1.7179e-01, -2.2343e-01, -1.6632e-01,  ..., -1.1076e-01,
             -1.4841e-01, -1.4617e-02]],

           [[ 3.2307e-02,  1.2368e-01,  1.1767e-01,  ...,  7.7790e-02,
              1.3803e-02, -1.3608e-02],
            [ 3.4313e-02,  3.7743e-02,  5.5112e-02,  ...,  3.1064e-02,
             -2.1510e-02, -5.6624e-02],
            [ 1.9735e-02,  3.5143e-02,  9.6338e-02,  ...,  6.0264e-02,
             -4.6197e-03, -2.2852e-02],
            ...,
            [-2.1306e-02,  6.5847e-03,  5.3307e-02,  ...,  3.9027e-02,
             -8.3641e-03, -3.8797e-02],
            [-5.0225e-02, -3.9242e-02, -2.4858e-02,  ..., -3.1084e-02,
             -5.7787e-02, -6.4772e-02],
            [-7.1456e-02, -9.7283e-02, -8.9402e-02,  ..., -5.6471e-02,
             -8.3983e-02, -4.9536e-02]]],


          [[[ 4.0184e-01,  6.5328e-01,  6.9737e-01,  ...,  6.3924e-01,
              6.1011e-01,  3.6592e-01],
            [ 4.8646e-01,  7.0951e-01,  8.4595e-01,  ...,  7.5085e-01,
              6.4866e-01,  4.2087e-01],
            [ 6.4232e-01,  9.3022e-01,  1.1151e+00,  ...,  9.9705e-01,
              8.3474e-01,  5.1862e-01],
            ...,
            [ 7.0821e-01,  1.0372e+00,  1.2262e+00,  ...,  1.0777e+00,
              9.0981e-01,  5.5680e-01],
            [ 5.9924e-01,  8.7735e-01,  1.0412e+00,  ...,  9.4349e-01,
              7.9731e-01,  4.8851e-01],
            [ 3.8096e-01,  5.6689e-01,  6.7747e-01,  ...,  6.1266e-01,
              4.9029e-01,  2.8495e-01]],

           [[ 5.5050e-01,  9.2020e-01,  9.9705e-01,  ...,  8.9247e-01,
              8.2361e-01,  5.7903e-01],
            [ 8.0117e-01,  1.1536e+00,  1.3497e+00,  ...,  1.2232e+00,
              1.0491e+00,  7.3761e-01],
            [ 9.6611e-01,  1.3954e+00,  1.6636e+00,  ...,  1.5398e+00,
              1.3136e+00,  8.8138e-01],
            ...,
            [ 9.9800e-01,  1.4748e+00,  1.7388e+00,  ...,  1.5537e+00,
              1.3511e+00,  8.8665e-01],
            [ 8.4866e-01,  1.2536e+00,  1.4970e+00,  ...,  1.3549e+00,
              1.1696e+00,  7.8725e-01],
            [ 5.5769e-01,  8.7831e-01,  1.0700e+00,  ...,  9.6568e-01,
              8.2097e-01,  5.5158e-01]],

           [[ 6.5716e-01,  1.0987e+00,  1.1770e+00,  ...,  1.0711e+00,
              9.9975e-01,  6.8639e-01],
            [ 9.4197e-01,  1.3695e+00,  1.5656e+00,  ...,  1.4531e+00,
              1.2568e+00,  8.6444e-01],
            [ 1.1054e+00,  1.5867e+00,  1.8758e+00,  ...,  1.7245e+00,
              1.5099e+00,  1.0089e+00],
            ...,
            [ 1.1174e+00,  1.6432e+00,  1.9234e+00,  ...,  1.6880e+00,
              1.5126e+00,  9.8910e-01],
            [ 9.5903e-01,  1.4402e+00,  1.6874e+00,  ...,  1.5201e+00,
              1.3344e+00,  8.8798e-01],
            [ 6.1646e-01,  9.9851e-01,  1.1876e+00,  ...,  1.0540e+00,
              9.0633e-01,  6.0794e-01]],

           ...,

           [[ 6.7148e-01,  1.1302e+00,  1.2083e+00,  ...,  1.1019e+00,
              1.0078e+00,  6.6853e-01],
            [ 9.6275e-01,  1.4209e+00,  1.6531e+00,  ...,  1.4792e+00,
              1.2496e+00,  8.2967e-01],
            [ 1.1265e+00,  1.6714e+00,  1.9305e+00,  ...,  1.7051e+00,
              1.4777e+00,  9.6478e-01],
            ...,
            [ 1.0380e+00,  1.5175e+00,  1.7584e+00,  ...,  1.5126e+00,
              1.3201e+00,  8.6588e-01],
            [ 8.9257e-01,  1.3267e+00,  1.5466e+00,  ...,  1.3404e+00,
              1.1753e+00,  7.9433e-01],
            [ 5.4888e-01,  9.2363e-01,  1.0957e+00,  ...,  9.1534e-01,
              7.9938e-01,  5.4535e-01]],

           [[ 5.6466e-01,  9.7713e-01,  1.0591e+00,  ...,  9.8690e-01,
              8.9935e-01,  6.0543e-01],
            [ 7.5768e-01,  1.1440e+00,  1.3563e+00,  ...,  1.2442e+00,
              1.0604e+00,  7.1556e-01],
            [ 8.9151e-01,  1.3679e+00,  1.5933e+00,  ...,  1.4476e+00,
              1.2502e+00,  8.2320e-01],
            ...,
            [ 8.5679e-01,  1.3066e+00,  1.5116e+00,  ...,  1.3577e+00,
              1.1899e+00,  7.9821e-01],
            [ 7.1633e-01,  1.1088e+00,  1.3107e+00,  ...,  1.1773e+00,
              1.0558e+00,  7.3115e-01],
            [ 4.1507e-01,  7.5331e-01,  8.9770e-01,  ...,  7.8374e-01,
              6.8792e-01,  4.9321e-01]],

           [[ 3.7699e-01,  6.3574e-01,  7.0433e-01,  ...,  6.6358e-01,
              6.0001e-01,  3.8855e-01],
            [ 5.0659e-01,  7.9165e-01,  9.2112e-01,  ...,  8.6380e-01,
              7.5235e-01,  5.1029e-01],
            [ 5.4968e-01,  8.9747e-01,  1.0303e+00,  ...,  9.4802e-01,
              8.5551e-01,  5.6703e-01],
            ...,
            [ 5.3713e-01,  9.0659e-01,  1.0326e+00,  ...,  9.4781e-01,
              8.6681e-01,  5.8081e-01],
            [ 4.4553e-01,  7.6979e-01,  9.0277e-01,  ...,  8.4779e-01,
              7.7395e-01,  5.4349e-01],
            [ 2.7284e-01,  4.7527e-01,  5.5613e-01,  ...,  5.2763e-01,
              4.8487e-01,  3.5545e-01]]],


          [[[ 4.1062e-01,  6.6125e-01,  6.8683e-01,  ...,  6.6969e-01,
              6.2802e-01,  4.8063e-01],
            [ 6.1990e-01,  8.2116e-01,  8.5034e-01,  ...,  7.9382e-01,
              7.0456e-01,  4.9444e-01],
            [ 7.2092e-01,  9.6071e-01,  9.9312e-01,  ...,  9.2671e-01,
              8.0889e-01,  5.3686e-01],
            ...,
            [ 7.3951e-01,  9.7782e-01,  1.0372e+00,  ...,  9.6697e-01,
              8.5248e-01,  5.5845e-01],
            [ 6.1254e-01,  8.0169e-01,  8.5435e-01,  ...,  8.0765e-01,
              7.0544e-01,  4.6242e-01],
            [ 4.6091e-01,  6.1543e-01,  6.2367e-01,  ...,  5.8324e-01,
              5.3691e-01,  3.0630e-01]],

           [[ 6.1578e-01,  9.3272e-01,  1.0035e+00,  ...,  1.0144e+00,
              9.7624e-01,  7.5630e-01],
            [ 8.9661e-01,  1.1008e+00,  1.1570e+00,  ...,  1.1486e+00,
              1.0653e+00,  8.4204e-01],
            [ 9.5990e-01,  1.2239e+00,  1.3174e+00,  ...,  1.3032e+00,
              1.1992e+00,  9.2197e-01],
            ...,
            [ 9.6438e-01,  1.2183e+00,  1.3348e+00,  ...,  1.2814e+00,
              1.1971e+00,  9.2302e-01],
            [ 8.3409e-01,  1.0374e+00,  1.1368e+00,  ...,  1.0819e+00,
              1.0001e+00,  7.7538e-01],
            [ 6.4824e-01,  8.2983e-01,  8.9766e-01,  ...,  8.2786e-01,
              7.9171e-01,  5.4538e-01]],

           [[ 6.1845e-01,  9.7045e-01,  1.0478e+00,  ...,  1.0944e+00,
              1.0645e+00,  8.4109e-01],
            [ 9.0370e-01,  1.1658e+00,  1.2454e+00,  ...,  1.2699e+00,
              1.1886e+00,  9.6149e-01],
            [ 9.7078e-01,  1.3009e+00,  1.4039e+00,  ...,  1.4117e+00,
              1.3300e+00,  1.0473e+00],
            ...,
            [ 9.7566e-01,  1.2762e+00,  1.4005e+00,  ...,  1.3481e+00,
              1.3003e+00,  1.0149e+00],
            [ 8.5018e-01,  1.0950e+00,  1.1966e+00,  ...,  1.1612e+00,
              1.1053e+00,  8.6940e-01],
            [ 6.4791e-01,  8.7930e-01,  9.3928e-01,  ...,  8.5587e-01,
              8.4128e-01,  5.8835e-01]],

           ...,

           [[ 5.8536e-01,  9.7330e-01,  1.0712e+00,  ...,  1.1110e+00,
              1.0698e+00,  8.4714e-01],
            [ 8.3516e-01,  1.1687e+00,  1.2687e+00,  ...,  1.2337e+00,
              1.1700e+00,  9.5613e-01],
            [ 9.0957e-01,  1.3242e+00,  1.4160e+00,  ...,  1.3497e+00,
              1.2689e+00,  1.0235e+00],
            ...,
            [ 8.8486e-01,  1.2091e+00,  1.2937e+00,  ...,  1.2507e+00,
              1.1777e+00,  9.5276e-01],
            [ 7.9027e-01,  1.0279e+00,  1.0931e+00,  ...,  1.0564e+00,
              9.8361e-01,  7.9664e-01],
            [ 6.0664e-01,  8.2997e-01,  8.5746e-01,  ...,  7.7097e-01,
              7.5460e-01,  5.4243e-01]],

           [[ 5.2006e-01,  8.4718e-01,  9.4975e-01,  ...,  9.6522e-01,
              9.4057e-01,  7.4346e-01],
            [ 6.8889e-01,  9.4274e-01,  1.0174e+00,  ...,  1.0053e+00,
              9.7418e-01,  8.0549e-01],
            [ 7.4149e-01,  1.0506e+00,  1.1339e+00,  ...,  1.0755e+00,
              1.0443e+00,  8.5877e-01],
            ...,
            [ 7.3603e-01,  1.0217e+00,  1.0909e+00,  ...,  1.0570e+00,
              1.0100e+00,  8.3154e-01],
            [ 6.4874e-01,  8.6365e-01,  9.2304e-01,  ...,  8.7693e-01,
              8.3942e-01,  7.0028e-01],
            [ 4.9727e-01,  6.9945e-01,  7.3722e-01,  ...,  6.4801e-01,
              6.5388e-01,  4.8058e-01]],

           [[ 3.3894e-01,  5.3688e-01,  5.9040e-01,  ...,  6.1528e-01,
              6.0134e-01,  4.7409e-01],
            [ 4.5849e-01,  6.1968e-01,  6.7604e-01,  ...,  6.9382e-01,
              7.0014e-01,  5.9668e-01],
            [ 4.4131e-01,  6.3699e-01,  6.9122e-01,  ...,  6.7992e-01,
              7.1360e-01,  6.2354e-01],
            ...,
            [ 4.3812e-01,  6.5020e-01,  7.0552e-01,  ...,  7.1191e-01,
              7.3123e-01,  6.2418e-01],
            [ 4.0254e-01,  5.8139e-01,  6.5063e-01,  ...,  6.2819e-01,
              6.5031e-01,  5.6368e-01],
            [ 3.6280e-01,  5.0111e-01,  5.4249e-01,  ...,  4.9853e-01,
              5.4026e-01,  4.1548e-01]]],


          ...,


          [[[ 1.4146e-01,  2.0008e-01,  1.9749e-01,  ...,  2.1586e-01,
              2.3039e-01,  2.0797e-01],
            [ 2.7738e-01,  4.9407e-01,  4.1905e-01,  ...,  4.0629e-01,
              4.5376e-01,  3.1783e-01],
            [ 2.7219e-01,  4.6244e-01,  3.7397e-01,  ...,  3.6475e-01,
              4.2543e-01,  2.8718e-01],
            ...,
            [ 2.8474e-01,  4.6889e-01,  3.7757e-01,  ...,  4.2180e-01,
              4.5672e-01,  2.9787e-01],
            [ 3.2266e-01,  5.2755e-01,  4.4639e-01,  ...,  4.9012e-01,
              5.2892e-01,  3.4352e-01],
            [ 3.6435e-01,  5.4767e-01,  5.0160e-01,  ...,  5.3575e-01,
              5.7300e-01,  3.7673e-01]],

           [[ 2.2453e-01,  3.5004e-01,  3.3939e-01,  ...,  3.9199e-01,
              4.1444e-01,  2.8021e-01],
            [ 3.6498e-01,  6.1695e-01,  5.5333e-01,  ...,  5.5997e-01,
              5.9991e-01,  3.8255e-01],
            [ 3.5954e-01,  5.6871e-01,  4.8831e-01,  ...,  5.1349e-01,
              5.4221e-01,  3.2323e-01],
            ...,
            [ 3.8641e-01,  5.7340e-01,  4.9059e-01,  ...,  5.7092e-01,
              5.7871e-01,  3.3154e-01],
            [ 4.4309e-01,  6.7113e-01,  5.9185e-01,  ...,  6.6882e-01,
              6.8485e-01,  4.1797e-01],
            [ 4.4488e-01,  6.1355e-01,  5.5699e-01,  ...,  6.1619e-01,
              6.3107e-01,  3.9009e-01]],

           [[ 1.5524e-01,  2.4930e-01,  2.5432e-01,  ...,  3.4377e-01,
              3.5273e-01,  2.5178e-01],
            [ 2.9527e-01,  5.3510e-01,  4.9312e-01,  ...,  5.4190e-01,
              5.7284e-01,  3.5939e-01],
            [ 2.9387e-01,  5.0854e-01,  4.2604e-01,  ...,  5.1913e-01,
              5.3849e-01,  2.9877e-01],
            ...,
            [ 3.2838e-01,  4.9024e-01,  4.0979e-01,  ...,  5.5601e-01,
              5.6142e-01,  3.0932e-01],
            [ 3.8561e-01,  5.8784e-01,  5.3165e-01,  ...,  6.3987e-01,
              6.6162e-01,  4.0108e-01],
            [ 4.3351e-01,  5.9035e-01,  5.3106e-01,  ...,  6.0932e-01,
              6.2229e-01,  3.7697e-01]],

           ...,

           [[ 1.4718e-01,  2.5958e-01,  2.7612e-01,  ...,  3.6917e-01,
              3.8632e-01,  3.0624e-01],
            [ 2.8344e-01,  5.4131e-01,  4.9133e-01,  ...,  5.8802e-01,
              6.0331e-01,  3.7971e-01],
            [ 2.8452e-01,  5.0195e-01,  4.3458e-01,  ...,  5.6866e-01,
              5.8024e-01,  3.3189e-01],
            ...,
            [ 3.1933e-01,  5.3532e-01,  4.6077e-01,  ...,  5.8375e-01,
              6.0361e-01,  3.5678e-01],
            [ 3.7050e-01,  6.1986e-01,  5.7236e-01,  ...,  6.5108e-01,
              6.7582e-01,  4.2757e-01],
            [ 4.3775e-01,  6.0036e-01,  5.3731e-01,  ...,  6.0640e-01,
              6.1441e-01,  3.8563e-01]],

           [[ 2.4295e-01,  4.0548e-01,  4.1309e-01,  ...,  4.7009e-01,
              4.7675e-01,  3.4769e-01],
            [ 4.0218e-01,  7.0611e-01,  6.8351e-01,  ...,  7.2598e-01,
              7.1391e-01,  4.5604e-01],
            [ 3.9597e-01,  6.7135e-01,  6.1943e-01,  ...,  7.0538e-01,
              6.9317e-01,  4.1260e-01],
            ...,
            [ 3.7383e-01,  6.3232e-01,  5.9176e-01,  ...,  6.6156e-01,
              6.6955e-01,  3.9268e-01],
            [ 4.1266e-01,  7.0317e-01,  6.6618e-01,  ...,  7.3001e-01,
              7.3803e-01,  4.5923e-01],
            [ 4.4864e-01,  6.4783e-01,  5.9219e-01,  ...,  6.4447e-01,
              6.4239e-01,  3.9951e-01]],

           [[ 1.6627e-01,  2.8772e-01,  3.0189e-01,  ...,  3.4548e-01,
              3.3432e-01,  2.9754e-01],
            [ 3.0913e-01,  5.2565e-01,  5.4203e-01,  ...,  5.9461e-01,
              5.6791e-01,  4.5453e-01],
            [ 3.0584e-01,  5.0488e-01,  5.1840e-01,  ...,  5.8916e-01,
              5.5053e-01,  4.2257e-01],
            ...,
            [ 2.9052e-01,  4.4740e-01,  4.4411e-01,  ...,  5.1690e-01,
              4.8724e-01,  3.8027e-01],
            [ 3.1218e-01,  4.9530e-01,  4.9689e-01,  ...,  5.5689e-01,
              5.3555e-01,  4.1643e-01],
            [ 3.1283e-01,  4.1980e-01,  4.1444e-01,  ...,  4.4638e-01,
              4.3467e-01,  3.1700e-01]]],


          [[[-7.9500e-02, -2.1776e-01, -2.8431e-01,  ..., -2.6649e-01,
             -2.0915e-01, -1.6096e-01],
            [-9.5166e-02, -2.3618e-01, -3.5221e-01,  ..., -3.6379e-01,
             -2.7258e-01, -2.2079e-01],
            [-1.3080e-01, -2.8605e-01, -4.2815e-01,  ..., -4.7071e-01,
             -3.6340e-01, -2.7963e-01],
            ...,
            [-1.4167e-01, -2.7534e-01, -3.9047e-01,  ..., -4.5523e-01,
             -3.5936e-01, -2.7251e-01],
            [-9.5932e-02, -2.0516e-01, -2.8325e-01,  ..., -3.6548e-01,
             -2.8529e-01, -2.2956e-01],
            [ 5.7939e-03, -2.4540e-02, -6.3062e-02,  ..., -1.1109e-01,
             -4.8000e-02, -5.3905e-02]],

           [[-9.2982e-02, -2.7701e-01, -3.4121e-01,  ..., -3.0330e-01,
             -2.3010e-01, -2.1013e-01],
            [-1.6415e-01, -3.6795e-01, -4.8769e-01,  ..., -4.7651e-01,
             -3.3917e-01, -3.1563e-01],
            [-2.0214e-01, -4.3671e-01, -5.6401e-01,  ..., -5.7677e-01,
             -4.3293e-01, -3.7380e-01],
            ...,
            [-1.7021e-01, -3.8061e-01, -5.1074e-01,  ..., -5.3716e-01,
             -4.1279e-01, -3.3991e-01],
            [-9.6843e-02, -2.3560e-01, -3.4048e-01,  ..., -4.2220e-01,
             -2.8716e-01, -2.7080e-01],
            [-3.1586e-02, -7.0676e-02, -1.1367e-01,  ..., -1.9254e-01,
             -9.0047e-02, -1.3252e-01]],

           [[-1.8611e-01, -4.2599e-01, -4.9423e-01,  ..., -4.2688e-01,
             -3.4982e-01, -2.5326e-01],
            [-2.6764e-01, -5.2080e-01, -6.4359e-01,  ..., -6.2699e-01,
             -4.6931e-01, -3.6206e-01],
            [-3.0025e-01, -5.6784e-01, -7.1152e-01,  ..., -7.1019e-01,
             -5.5431e-01, -4.1590e-01],
            ...,
            [-2.4539e-01, -4.9690e-01, -6.3876e-01,  ..., -6.3758e-01,
             -5.1236e-01, -3.7257e-01],
            [-1.5043e-01, -3.3253e-01, -4.5357e-01,  ..., -4.9406e-01,
             -3.6671e-01, -2.8194e-01],
            [-6.5016e-02, -9.8379e-02, -1.4335e-01,  ..., -2.2372e-01,
             -1.0723e-01, -1.1820e-01]],

           ...,

           [[-1.8101e-01, -3.9145e-01, -4.5720e-01,  ..., -4.0156e-01,
             -3.0530e-01, -2.1443e-01],
            [-2.7928e-01, -5.2819e-01, -6.7415e-01,  ..., -6.5721e-01,
             -4.7181e-01, -3.4557e-01],
            [-3.1100e-01, -5.9831e-01, -7.6913e-01,  ..., -7.3918e-01,
             -5.6850e-01, -3.8615e-01],
            ...,
            [-2.4960e-01, -4.9046e-01, -6.2917e-01,  ..., -6.0157e-01,
             -4.5536e-01, -3.0621e-01],
            [-1.5846e-01, -3.3045e-01, -4.3616e-01,  ..., -4.4396e-01,
             -3.1190e-01, -2.2481e-01],
            [-4.8222e-02, -7.7369e-02, -1.3562e-01,  ..., -1.7806e-01,
             -6.3823e-02, -8.2664e-02]],

           [[-1.0919e-01, -2.9084e-01, -3.1847e-01,  ..., -3.1231e-01,
             -2.1984e-01, -1.9807e-01],
            [-2.0005e-01, -4.2614e-01, -5.2368e-01,  ..., -5.2899e-01,
             -3.7649e-01, -3.1457e-01],
            [-2.2842e-01, -4.6602e-01, -5.8500e-01,  ..., -6.1848e-01,
             -4.4938e-01, -3.3576e-01],
            ...,
            [-1.7790e-01, -3.6057e-01, -4.9964e-01,  ..., -4.9491e-01,
             -3.3701e-01, -2.5704e-01],
            [-1.0339e-01, -2.2464e-01, -3.4521e-01,  ..., -3.5442e-01,
             -2.2435e-01, -1.9050e-01],
            [-9.3911e-03, -4.5189e-02, -8.9339e-02,  ..., -1.3052e-01,
             -2.2756e-02, -7.3708e-02]],

           [[-7.6922e-02, -2.3386e-01, -2.3140e-01,  ..., -2.0974e-01,
             -1.5110e-01, -5.7863e-02],
            [-1.0473e-01, -3.0740e-01, -3.3797e-01,  ..., -3.3812e-01,
             -2.4715e-01, -1.6693e-01],
            [-1.1850e-01, -3.3338e-01, -3.5815e-01,  ..., -3.7899e-01,
             -2.7868e-01, -1.7072e-01],
            ...,
            [-9.6168e-02, -2.9243e-01, -3.3354e-01,  ..., -3.3413e-01,
             -2.3040e-01, -1.6085e-01],
            [-5.3305e-02, -2.2039e-01, -2.4717e-01,  ..., -2.7492e-01,
             -1.6835e-01, -1.2920e-01],
            [ 2.2490e-02, -4.8578e-02, -6.0881e-02,  ..., -9.7131e-02,
             -2.9045e-02, -4.9892e-02]]],


          [[[ 9.0875e-02,  1.5490e-01,  2.4495e-01,  ...,  2.2049e-01,
              1.7107e-01,  2.4371e-01],
            [ 1.9890e-01,  3.0375e-01,  3.9451e-01,  ...,  3.2143e-01,
              2.4948e-01,  2.9002e-01],
            [ 2.6657e-01,  3.8988e-01,  5.0332e-01,  ...,  4.0556e-01,
              3.0979e-01,  3.0312e-01],
            ...,
            [ 3.3579e-01,  4.9483e-01,  6.2537e-01,  ...,  5.2472e-01,
              4.1856e-01,  3.4904e-01],
            [ 2.2906e-01,  3.5610e-01,  4.6862e-01,  ...,  4.1877e-01,
              3.4358e-01,  2.9963e-01],
            [ 1.9273e-01,  2.7448e-01,  3.2293e-01,  ...,  2.6740e-01,
              2.1749e-01,  1.5307e-01]],

           [[ 1.6500e-01,  3.2734e-01,  4.2275e-01,  ...,  3.7882e-01,
              3.2303e-01,  3.3644e-01],
            [ 2.5398e-01,  4.6249e-01,  5.6569e-01,  ...,  4.5422e-01,
              3.5155e-01,  3.4511e-01],
            [ 3.4710e-01,  5.9666e-01,  7.1965e-01,  ...,  5.5836e-01,
              4.1842e-01,  3.5361e-01],
            ...,
            [ 4.4133e-01,  6.8860e-01,  8.2356e-01,  ...,  6.2814e-01,
              4.8448e-01,  3.6844e-01],
            [ 2.9819e-01,  5.0348e-01,  6.3482e-01,  ...,  5.0684e-01,
              3.8737e-01,  2.9581e-01],
            [ 2.4307e-01,  3.7894e-01,  4.2141e-01,  ...,  3.4782e-01,
              2.6639e-01,  1.7087e-01]],

           [[ 2.5241e-01,  4.4655e-01,  5.7290e-01,  ...,  5.2294e-01,
              4.4032e-01,  4.1313e-01],
            [ 3.5743e-01,  6.2249e-01,  7.5303e-01,  ...,  6.3569e-01,
              5.0151e-01,  4.4376e-01],
            [ 4.6480e-01,  7.8284e-01,  9.2544e-01,  ...,  7.3989e-01,
              5.7685e-01,  4.5170e-01],
            ...,
            [ 5.7545e-01,  8.7917e-01,  1.0129e+00,  ...,  7.5142e-01,
              6.0161e-01,  4.6349e-01],
            [ 4.2158e-01,  6.7071e-01,  8.0543e-01,  ...,  6.2001e-01,
              4.8719e-01,  3.6598e-01],
            [ 3.2440e-01,  4.7369e-01,  5.1378e-01,  ...,  4.0813e-01,
              3.1984e-01,  2.0086e-01]],

           ...,

           [[ 2.4565e-01,  4.2699e-01,  5.6139e-01,  ...,  4.9797e-01,
              4.1713e-01,  3.8996e-01],
            [ 3.5054e-01,  5.9712e-01,  7.4078e-01,  ...,  5.7768e-01,
              4.5742e-01,  4.0916e-01],
            [ 4.2754e-01,  7.4028e-01,  8.8845e-01,  ...,  6.3986e-01,
              5.1026e-01,  4.0390e-01],
            ...,
            [ 5.0242e-01,  8.0611e-01,  9.1731e-01,  ...,  5.9397e-01,
              4.8587e-01,  3.6092e-01],
            [ 3.9745e-01,  6.0982e-01,  7.0743e-01,  ...,  4.8073e-01,
              3.6184e-01,  2.6988e-01],
            [ 3.0463e-01,  4.2713e-01,  4.4680e-01,  ...,  3.2422e-01,
              2.2998e-01,  1.4316e-01]],

           [[ 1.8216e-01,  3.3215e-01,  4.2979e-01,  ...,  4.0561e-01,
              3.3777e-01,  3.2658e-01],
            [ 2.5359e-01,  4.5484e-01,  5.5566e-01,  ...,  4.6960e-01,
              3.5714e-01,  3.4746e-01],
            [ 3.0015e-01,  5.2785e-01,  6.3032e-01,  ...,  5.1851e-01,
              3.8354e-01,  3.3336e-01],
            ...,
            [ 3.6684e-01,  6.0086e-01,  6.9094e-01,  ...,  5.0466e-01,
              3.8676e-01,  2.9152e-01],
            [ 2.8308e-01,  4.3296e-01,  5.1584e-01,  ...,  3.7768e-01,
              2.5409e-01,  2.0434e-01],
            [ 2.3293e-01,  3.2499e-01,  3.3869e-01,  ...,  2.5292e-01,
              1.7258e-01,  1.1225e-01]],

           [[ 2.3011e-01,  3.3119e-01,  3.8872e-01,  ...,  3.6416e-01,
              3.1997e-01,  2.5742e-01],
            [ 2.4252e-01,  3.9370e-01,  4.5837e-01,  ...,  4.1178e-01,
              3.5561e-01,  3.1616e-01],
            [ 2.6281e-01,  4.3511e-01,  4.8290e-01,  ...,  4.2200e-01,
              3.6311e-01,  3.1208e-01],
            ...,
            [ 3.0729e-01,  4.9080e-01,  5.4855e-01,  ...,  4.8354e-01,
              4.0906e-01,  3.1691e-01],
            [ 2.6621e-01,  4.2545e-01,  4.7639e-01,  ...,  4.1374e-01,
              3.4288e-01,  2.6330e-01],
            [ 2.3286e-01,  3.5069e-01,  3.5931e-01,  ...,  3.1110e-01,
              2.7304e-01,  2.0150e-01]]]]]], device='cuda:0')